Position	Standard_Deviation	Average_Number_Peaks	Count
chr2:51288511-51288554	0.67082039324993692	1.5	10
chr2:95849361-95849384	0.29999999999999999	1.1000000000000001	10
chr4:55598211-55598236	0.60000000000000009	1.2	10
chr5:112213678-112213719	0.67082039324993692	3.5	10
